% -------------------------------------------------------------------
%  Generated by MATLAB on 19-Apr-2023 16:06:26
%  MATLAB version: 9.12.0.1884302 (R2022a)
% -------------------------------------------------------------------
                                    

Q = ...
  [0.0074677250560000012 0.0039123341332915843 0.005331227678392 0.0054925919506135035 ...
   0.0040176448133289605 0.0065381054468913926 0.0054795575268526409 0.004949607806934913 ...
   0.0035147071807330563 0.005874046843383841 0.0046091519481997441 0.00474370493588464 ...
   0.003275732607310592 0.0054912710329692157 0.0034086202293971521 0.0028683302688817919 ...
   0.00358540988845248 0.0046910166877889917 0.00475957679755008 0.0056976056368000004 ...
   0.0049491848994748155 0.0035433682866841607 0.0053307444401200004 0.0060593568144721929 ...
   0.0064764893463142405 0.0024210399197952 0.0056070739892481606 0.0016341985403800323 ...
   0.0033562998189557761 0.0032209447374888962 0.0032623297976723522;
   0.0039123341332915843 0.006482826256 0.0041622969277629596 0.0041238673079575039 ...
   0.0051839773657242 0.0045358786103265689 0.0043181578858924805 0.0040573650340208645 ...
   0.0036974531062442403 0.00426534544952664 0.0032553433834482241 0.00407589784184132 ...
   0.004353632296997984 0.0045556476785245442 0.0032203442140069207 0.0026872713690338878 ...
   0.00251838333209184 0.004131414177469336 0.0053269059091516791 0.0041714856504000012 ...
   0.0040528170755224323 0.0033123697196829442 0.00427044907374 0.0047996671010413442 ...
   0.0053665268923248 0.0025607529092808003 0.0045946470654561365 0.0014944485126368162 ...
   0.00319884133648736 0.0031691784262992489 0.0028683835095096081;
   0.005331227678392 0.0041622969277629596 0.0068366438559999991 0.0056214668477811191 ...
   0.003863438487993 0.00618096322691848 0.005609614086624407 0.0051324903216928321 ...
   0.00443862051555384 0.0057727188843201358 0.0044857148864139353 0.00447187048466004 ...
   0.0034718225595973917 0.0057072259596701426 0.0035410773226412641 0.0031665940129998716 ...
   0.0032600269025721594 0.0047594776134693758 0.0050431352601537595 0.0059792025076 ...
   0.0051400794534501434 0.0037767981215982081 0.0056199053869 0.0061481578017235595 ...
   0.0067742582446881985 0.0022732143361956 0.005823814838478 0.001713507206125792 ...
   0.0036875287564026231 0.0035581960301432156 0.0034720793463351523;
   0.0054925919506135035 0.0041238673079575039 0.0056214668477811191 0.0080626032639999987 ...
   0.0047046887445119992 0.0068573158439042565 0.0062389854770234883 0.0057435477424558077 ...
   0.0049133491321259526 0.0061137487785768961 0.0047020318319162882 0.0054294819521184005 ...
   0.00398012984823168 0.0059710860378623994 0.00351480501828288 0.0033660208809077755 ...
   0.00399147287830272 0.0054065265447097591 0.00562048430600448 0.0071947546047999994 ...
   0.0057742357416683517 0.0040906552243773443 0.0067983274144 0.0072944612950298889 ...
   0.0070666836152287991 0.0025800130478016 0.0060825032270745609 0.0019495938674108163 ...
   0.0038497351338270713 0.00379911038842368 0.0036644910943887362;
   0.0040176448133289605 0.0051839773657242 0.003863438487993 0.0047046887445119992 ...
   0.0191020041 0.0050680512324280209 0.00484655298871716 0.0046249219708056 ...
   0.00469135482198264 0.0042201971580942 0.0028195762385897997 0.0058644408293955 ...
   0.00458613200859528 0.00500565270876096 0.003356572151016 0.0029359637469957597 ...
   0.0033694450193592004 0.00475545949613274 0.0090164417571198009 0.004270536969 ...
   0.00393014882228136 0.0028474455813244804 0.0051887532440625 0.0047130715340003406 ...
   0.0055152304735665006 0.002191590386316 0.0051900648583446006 0.0016659197700340802 ...
   0.00256846952558448 0.00351201328429644 0.0025295441919311397;
   0.0065381054468913926 0.0045358786103265689 0.00618096322691848 0.0068573158439042565 ...
   0.0050680512324280209 0.011522304964000002 0.0069656879872594842 0.0062221079599571044 ...
   0.004955297653552849 0.0074402327307725525 0.0059122676021995078 0.00570092349120888 ...
   0.0038925389460077119 0.0068171239213944317 0.00388916008648524 0.00362842121821608 ...
   0.00493308678353736 0.0056788808608862 0.0063163166585284806 0.0072284746851999995 ...
   0.0064493825814530567 0.0046796831991077125 0.0070149526623500009 0.007677060149007397 ...
   0.007765643469201681 0.002898188111295 0.0069406073932791962 0.0027144081584100361 ...
   0.0044461054287509441 0.0042971838163446728 0.0040633550937023118;
   0.0054795575268526409 0.0043181578858924805 0.005609614086624407 0.0062389854770234883 ...
   0.00484655298871716 0.0069656879872594842 0.008691087076 0.00584249524607112 ...
   0.00457062613073724 0.0069061265836809112 0.0055035893868482528 0.0053282178514565 ...
   0.0042866902088250234 0.0064329443507660806 0.0041297300907795244 0.0035983191300245276 ...
   0.0041569475823876 0.00535640935470158 0.0058815846319221609 0.0067942176540000017 ...
   0.0060555863727113444 0.0043321790166278408 0.0062865532568825008 0.007148932568917272 ...
   0.0071766772192481806 0.0033020313120269997 0.0071625481699087671 0.00254411347091132 ...
   0.0041540766683265925 0.0039798814515176646 0.0041070894811639285;
   0.004949607806934913 0.0040573650340208645 0.0051324903216928321 0.0057435477424558077 ...
   0.0046249219708056 0.0062221079599571044 0.00584249524607112 0.0082780882559999984 ...
   0.005084330257381536 0.0055061270914550393 0.0051025331937064322 0.0052254668696551194 ...
   0.0040160463456347523 0.0058700921415544317 0.0037824811782095516 0.0033742324645960314 ...
   0.00355764857249088 0.0051237928772627523 0.005205992205744 0.0058002572952 ...
   0.0059419167301065605 0.0040466605233116159 0.00666917144097 0.0062107532117114395 ...
   0.0064645788181751989 0.0025211543662584 0.0059141166300478078 0.0020958334088799361 ...
   0.0040320026064049911 0.0037468668003053764 0.0037864434986553119;
   0.0035147071807330563 0.0036974531062442403 0.00443862051555384 0.0049133491321259526 ...
   0.00469135482198264 0.004955297653552849 0.00457062613073724 0.005084330257381536 ...
   0.011506423824 0.0042236336097960479 0.0040672238855099041 0.00409188369835476 ...
   0.003475328294710272 0.0049177197316020481 0.0035836616435860804 0.0028559686500334081 ...
   0.00335505819626208 0.0046400682459322795 0.00473109995871576 0.0049552130796 ...
   0.0045570155165861759 0.002828862846819072 0.00506946798078 0.00484805724223884 ...
   0.00514904778655512 0.0018089621671464 0.0048139924779404646 0.0019153878915161762 ...
   0.00329442093456672 0.0028376528342611684 0.0032945294827030321;
   0.005874046843383841 0.00426534544952664 0.0057727188843201358 0.0061137487785768961 ...
   0.0042201971580942 0.0074402327307725525 0.0069061265836809112 0.0055061270914550393 ...
   0.0042236336097960479 0.008807071716 0.0058653496932999476 0.0048770444182013395 ...
   0.0040566949278295437 0.0063947989505519992 0.0039077790809296676 0.0038843361431053916 ...
   0.00417150143906184 0.0052154125692462352 0.00581232436859916 0.0068032156163999992 ...
   0.0059537683769756633 0.00442443097771488 0.00607360801248 0.0074696441199140033 ...
   0.0071684968110850809 0.0024543307981925995 0.006608188648326096 0.0027147979366396679 ...
   0.0042972566233916154 0.0039105372000420007 0.003953421409238364;
   0.0046091519481997441 0.0032553433834482241 0.0044857148864139353 0.0047020318319162882 ...
   0.0028195762385897997 0.0059122676021995078 0.0055035893868482528 0.0051025331937064322 ...
   0.0040672238855099041 0.0058653496932999476 0.008852175396 0.00443567662416846 ...
   0.003470903848155744 0.0058390328047184638 0.003893833627641972 0.0038941748499026875 ...
   0.00393347335575888 0.0048802676723325722 0.0047480612671479605 0.0058690752714000011 ...
   0.0053640231521093276 0.0043299274343880966 0.0049927830825825005 0.006214385056611817 ...
